101020.219570999994
101280.096627999999
97949.9923620000045
99201.157607000001
97367.464506999997
97557.9606389999972
102659.022484999994
101568.019285999995
101304.584533000001
100961.026410000006
101749.735337999999
99478.3030699999945
102181.866259000002
101649.089282999994
100242.540645999994
101508.196116000006
101525.637212999995
101264.207232000001
100627.268653000006
98948.1918639999931
100965.634434000007
99862.421445999993
101622.359003999998
103182.630288
102552.631198999996
99039.1870670000062
99366.919842000003
103856.380984000003
101386.859117
101660.150194999995
84680.7173080000066
80893.623173999993
85081.6077890000015
82909.8639350000012
86716.3097299999936
84327.8382660000061
84504.0687710000057
89278.0055620000057
83756.5995209999965
88233.2067640000023
84092.3733190000057
85154.0252000000037
85100.2646870000026
82146.8738370000065
86691.8387130000046
85641.8877619999985
81459.0805240000045
83982.0287039999967
85109.1353649999946
84893.8353150000039
85237.1373520000052
84902.7274809999944
81775.0621530000062
82701.0896380000049
82821.2342539999954
83281.9159130000044
83568.2586989999982
85104.8862010000012
84501.4490289999958
83018.5050420000043
102408.493258999995
102411.168801000007
103903.699364
103047.964529000004
102527.148423000006
102785.669427000001
101217.411475999994
106753.146078999998
104197.005854000003
102991.802632999999
101439.295994
102990.865997999994
103730.222282000002
100197.922745000003
103030.839177000002
101946.172382000004
103967.718741999997
103829.826100000006
102650.974008000005
102330.895550999994
103673.269916000005
100668.831103000004
102974.688563000003
100198.938265000004
101651.572086999993
102162.970037999999
103397.565724
101827.038297999999
102672.819514999996
102361.318948999993
101751.572381000005
103812.197100000005
102034.662666000004
104855.949397000004
103258.048272999993
103970.488404000003
100858.806337000002
103718.111724000002
102506.943692999994
102493.748468999998
102169.291645999998
103145.250180000003
104571.873332999996
102988.339359999998
101910.454572000002
103683.061652000004
100089.822247999997
102491.287095000007
102098.908420000007
103665.627305000002
102557.972085000001
102420.536949999994
102438.011499999993
102769.645883999998
101540.109964999996
103874.698869999993
103869.497589000006
103983.572012999997
102428.786389000001
103638.382284000007
85599.6775480000069
85063.0989169999957
85583.9869679999974
88314.9969359999959
86186.2491719999962
85001.6370029999962
83784.4284959999932
84243.7032029999973
85312.7689090000058
84727.6120859999937
87889.1431600000069
86421.4454120000009
84869.4132930000051
84627.242545999994
88860.433812999996
85718.5786010000011
85636.955495000002
85069.2034589999967
85196.7226930000033
84584.1778599999961
84544.4456740000023
84184.9471040000062
86064.1671970000025
82831.8620450000017
85557.7573879999982
84152.8492450000049
85331.0021949999937
83860.0534400000033
86096.877536999993
84178.6451910000033
76680.3277320000052
75301.6699130000052
76188.3569969999953
75330.3410460000014
74891.8187199999957
75284.6954019999976
73916.774602999998
76742.1023879999993
75433.2990879999998
74695.2677309999999
76076.1556010000058
76024.2046229999978
74770.4416820000042
74681.1837410000007
76008.7455239999981
74817.5139440000057
75021.3725169999962
74732.8219300000055
75677.6548230000044
76027.6290659999941
75345.5295889999979
74917.2268489999988
74516.7387940000044
75256.4506339999934
75839.1992489999975
74078.2334189999965
75036.1397529999958
75318.2438059999986
76146.3056760000036
75466.284474
86439.856083000006
83495.5517729999992
84930.021894999998
87005.5412700000015
83996.1990400000068
85722.4330959999934
85884.2015740000061
83916.0970249999955
86245.193603000007
86984.3230040000053
86321.4825019999989
85481.8041130000056
85607.7130990000005
85500.3379459999996
88142.8490199999942
86275.3243590000056
83936.4239700000035
84847.5611070000014
85369.3509020000056
85117.1009650000051
82952.370265000005
84284.7453729999979
86560.8985249999969
84566.5427789999958
85716.2370289999963
84620.5099060000066
83682.1437299999961
88287.5005720000045
86145.2608230000042
84292.6783060000016
75079.8359760000021
76679.4112730000052
76304.2263600000006
75275.1547940000019
76290.3628489999974
75816.338545999999
75957.9046530000051
81341.7301549999975
77291.5814390000014
77844.364253000007
76622.8809509999992
75845.0991000000067
77446.9304520000005
75133.8393919999944
76026.6759380000003
77031.9578119999933
75640.1552119999978
79500.6904090000025
76761.5829450000019
76941.2332069999975
76569.3268240000034
75655.3882049999957
76929.1406949999946
75850.7196059999987
76142.571987000003
76685.6611470000062
76274.7384199999942
77573.4996990000072
76834.098318999997
77044.4984050000057
71390.9304430000047
72169.1193210000056
71606.2880299999961
72011.3719910000073
71819.4497850000043
76868.5437340000062
70389.5504459999938
70517.1460840000072
72552.5943770000013
70935.0258999999933
70827.1583070000052
72077.5078579999972
71650.3605459999962
71459.3426219999965
72050.7449380000035
71735.529926999996
71182.7268520000071
71655.300304999997
72257.6966530000063
75715.524264000007
95007.6906449999951
71784.9971780000051
71990.0784060000005
71816.8747799999983
71130.7120100000029
71100.7976009999984
71583.1131279999972
70581.623093000002
70604.4149920000054
71191.4927049999969
77232.2195720000018
76225.8444170000002
77495.4653330000001
76867.8605870000029
76177.8357879999967
76804.2169200000062
76084.794538999995
75498.1684749999986
76900.4868439999991
76142.8407319999969
77259.5575939999981
77364.4293780000007
77278.8178860000044
77162.8745590000035
76820.1119739999995
77858.9704590000038
76014.4157540000015
75596.0727329999936
78063.1439459999965
76319.9069750000053
77526.0212699999975
78048.8556600000011
76890.1047629999957
78189.7446190000046
75827.1175729999959
76401.9769479999959
77226.5549179999944
75980.7529530000029
77340.6470850000042
75928.4809740000055
72152.548781999998
73021.5533750000031
72085.5240970000013
72854.4806620000018
72808.0033370000019
72832.0367600000027
72354.6110329999938
72651.9776260000071
72863.8569060000009
72710.6541350000043
72867.0154960000073
72299.2597260000039
72961.9466580000008
71193.5419359999942
73233.8902780000062
71878.1308629999985
72855.1624630000006
73474.4743109999981
73155.7490680000046
72706.2404859999951
73271.8033589999977
72362.8754000000044
72104.8562990000064
73224.817074999999
72283.699781000003
72162.6542610000033
73201.6737960000028
72472.018802999999
72414.1857929999969
72852.1345920000022
73459.3379730000015
73424.3284410000051
73528.3122049999947
72429.4667619999964
77252.6386170000042
75826.9192279999988
72832.5365650000022
73497.6127120000019
72991.8389710000047
73225.3567630000034
72628.8062670000072
72795.2041420000023
72934.811096999998
73091.156375999999
73115.2419300000038
73419.885620999994
73025.686876000007
72068.0276160000067
73191.0509299999976
72656.3922840000014
72730.1956280000013
68400.7902130000002
72580.8049489999976
72798.5243469999987
72322.4091449999978
73564.6112229999999
73023.753177999999
73235.2927749999944
72903.6133379999956
72866.3072510000056
49049.1070959999997
48747.3383049999975
50417.7794849999991
48362.9291749999975
49829.1160509999972
49321.8044149999987
48108.6918700000024
49400.825622999997
48212.3908880000017
49066.0307499999981
46605.6930349999966
47963.2134559999977
49843.4507280000034
47990.5097039999964
49218.0326510000014
49220.5508679999984
49205.8407159999988
49949.5913050000017
49229.8640900000028
48793.8184239999973
48323.4335399999982
49920.0642829999997
48670.7829950000014
48229.292637999999
46931.1127639999977
48815.1020680000001
48150.4559070000032
49515.7674689999985
48139.2256110000017
47807.9040699999969
32298.7147550000009
32348.8530879999998
32815.4383499999967
31360.7076720000005
32646.4915959999998
32355.3391279999996
31922.2303729999985
33455.5314080000026
32436.4033999999992
31801.4256989999994
32618.4423160000006
31854.5069609999991
32625.5755559999998
33315.1425690000033
32469.8208760000016
33505.4566730000006
33244.3361030000015
31756.6526950000007
31653.0831440000002
32332.1133059999993
32601.5725779999993
33197.7777229999992
32963.155402999997
30596.8111739999986
32897.1500279999964
32312.5792189999993
31771.8085419999989
32991.6854999999996
32289.7282540000015
31791.3231059999998
49172.2629779999988
50666.7753230000017
51134.6541520000028
49749.1755829999965
48591.4974950000033
51273.9263540000029
49014.9988789999989
50003.6141379999972
49740.7231059999976
50710.3754530000006
50031.4480939999994
50431.4507789999989
49896.5312110000013
50581.1924320000035
50399.6682419999997
51266.7842149999997
48848.1755409999969
48150.1618799999997
50717.4582840000003
48267.4159379999983
50068.6945629999973
51136.3215009999985
49950.4812099999981
51367.6962879999992
51814.0771450000029
50988.0013709999985
50734.325797999998
50082.6597110000002
51634.6740869999994
49718.5330749999994
50523.3486330000014
50086.2024749999982
51361.1021330000003
48673.9551100000026
50329.9669080000021
49988.4323710000026
50231.1162939999995
50397.9676319999999
49213.1135240000003
50649.6277469999986
50466.3661980000034
49492.0433479999992
50709.4330550000013
51330.7943559999985
49477.1376999999993
51284.1093200000032
49669.498216
48766.2691500000001
49459.9281499999997
51616.5711939999965
50641.3869980000018
48410.7355450000032
50130.065290999999
51221.5466010000018
50665.3210899999976
51322.582822999997
51864.9494699999996
50732.1890809999968
51401.0937219999978
48994.2767380000005
33449.0697169999985
32684.4224109999996
31836.8571889999985
33635.6316060000026
33729.7718650000024
32615.1653399999996
33130.1876790000024
32735.9001099999987
33693.6076709999979
33645.8291249999966
32845.2555149999971
32194.1536410000008
33202.5713719999985
33282.8664910000007
33314.2583400000003
33205.5155900000027
33019.6480660000016
32961.3103709999996
33266.8132299999997
33090.9411610000025
33834.299619999998
33046.0894560000015
33385.3930959999998
33665.5497229999964
32669.1711470000009
32208.2734039999996
33685.094554000003
32881.1223739999987
33153.0315310000005
33494.7725080000018
24137.3374079999994
23515.9457000000002
23838.8890170000013
23620.7069540000011
23487.8508150000016
24137.1786509999984
24306.3560980000002
24097.2179250000008
24259.8058390000006
23733.6778239999985
23808.5547509999997
23648.1242579999998
23683.7428900000014
22704.5950220000013
23943.548949
23937.4562110000006
23921.9682380000013
24128.5048810000008
23316.4763050000001
22416.6931470000018
23233.2952980000009
23487.3684109999995
24022.8832010000006
23177.3117810000003
23373.5061190000015
22584.6438420000013
23332.1310469999989
24057.637917
23940.415742000001
23915.0372410000018
33756.5529529999985
33777.3037849999964
32952.1191410000029
33787.6557519999988
32870.1937990000006
32957.5788420000026
34024.4580219999989
32605.2792730000001
32509.7505979999987
34067.3818830000018
33137.4183029999986
33937.0498890000017
33241.2588420000029
32609.4624409999997
34509.4202349999978
34401.4757919999975
33180.0361699999994
33676.1431519999969
33539.715148000003
32707.1067479999983
32338.0670299999983
33285.3282430000036
33224.9936420000013
33636.8915110000016
33261.4094120000009
32726.8358640000006
33287.965909999999
32761.6820640000005
33193.7432909999989
33768.9184309999982
24501.0537609999992
24721.837230000001
24850.8578809999999
24782.3497500000012
25202.1286370000016
24800.5307680000005
23877.9379230000013
24928.9251719999993
24030.844255
24112.9063129999995
24978.8583809999982
24599.6518580000011
24313.1043759999993
24371.000594000001
24966.7585299999992
24648.8307749999985
24246.4784739999996
24363.022563999999
24677.2972010000012
25643.2495009999984
24860.1514199999983
24238.009653000001
24709.4018910000013
23684.2512969999989
24395.6264689999989
25169.6688280000017
25173.1821019999988
25860.9775520000003
23908.8060430000005
24557.178652999999
19968.1764030000013
20411.2974050000012
20677.9220099999984
19632.2938729999987
20302.3317610000013
20168.2795179999994
20516.6011529999996
20004.3705259999988
21247.870382000001
19865.7607549999993
19856.9476470000009
20158.0973279999998
19868.1213920000009
19811.8767049999988
20473.2390549999982
19635.9023630000011
20155.791369999999
19536.2752650000002
19993.9165670000002
20135.8411239999987
19363.7750549999982
20090.2077800000006
19525.6855329999999
20018.648964
20353.3382180000008
20164.4328150000001
20182.1877480000003
20071.6375020000014
19249.617123
19797.8135939999993
24570.1891030000006
24410.4096329999993
24809.9436380000006
24634.2960630000016
24504.0620720000006
24953.5579900000012
24885.5049780000008
24850.7276349999993
24995.0350770000005
24509.3055789999999
25110.2717469999989
24592.8971640000018
24638.875852000001
24806.7306089999984
24693.3054599999996
25214.6239050000004
25346.4815390000003
24815.0722170000008
24445.2133930000018
24632.4685250000002
24265.2769489999991
24221.6589959999983
24534.1798139999992
24853.5939279999984
24820.066949
24801.8550199999991
24832.5991820000017
24737.961503999999
25711.3693630000016
24897.9784690000015
21243.006569000001
21047.5981639999991
21150.6333249999989
21055.8363070000014
21319.7488559999983
20524.7515700000004
21165.1973270000017
20882.6151099999988
21413.747621999999
20571.8106220000009
21661.2265340000013
21088.901672
21239.9154869999984
21008.3557970000002
21273.3888570000017
20918.6810650000007
20847.6277289999998
21251.1054599999989
20799.5689090000014
21248.1865179999986
20936.3261590000002
21189.5239220000003
20793.0623320000013
20722.8040529999998
21218.7914229999988
20617.9744060000012
21348.7775440000005
21218.6595229999984
20739.8731069999994
21426.8812279999984
20781.5628580000011
21280.3789209999995
20965.7322400000012
22103.3394469999985
20867.3033380000015
21276.4022540000005
21309.0590359999987
21452.513038000001
20716.8648820000017
21090.8468549999998
21456.1853510000001
21391.4508070000011
21311.1898990000009
21049.9682959999991
21398.0395669999998
21343.4019350000017
21152.6457149999987
21197.6295830000017
21609.7998960000004
21290.7986270000001
21494.0693580000006
21092.4695270000011
21592.4422779999986
21626.7812180000001
21867.2270150000004
21651.5457590000005
21631.4220170000008
21905.4612689999994
21258.712782999999
21687.2375920000013
56436.5237889999989
56923.9640209999998
57983.3280569999988
58460.8894450000007
58807.7393480000028
55582.8377590000018
59549.1656399999993
58318.5154200000034
58748.2796729999973
56619.9629690000002
59393.0031640000016
59438.9706650000007
56578.5744219999979
59605.2518520000012
56500.3540500000017
59451.1981660000019
59028.6215200000006
56112.5736489999981
58644.5359529999987
58905.4871369999964
58088.3670340000026
58788.6257590000023
58405.125261000001
59244.6234039999981
56749.8871819999986
58816.0733289999989
55840.706431999999
58942.3779940000022
59111.3674279999977
59483.0733269999982
39821.8544909999982
41258.3274210000018
40798.6000609999974
40877.4697769999984
40133.4534710000007
40949.0408069999976
41144.6884789999967
41066.8460249999989
40929.7223149999991
40199.0769789999977
40629.0226009999969
40343.1458809999967
41356.8819569999978
40764.6235190000007
41030.8403570000009
40479.0342230000024
41575.0553779999973
40655.7793349999993
40624.1084580000024
40767.2802749999973
41499.8644770000028
40598.9481759999981
40634.5800210000016
41344.9591740000033
40156.2096660000025
40774.1070259999979
40563.5287030000036
40500.4928339999969
40231.0950569999986
40802.506349000003
57060.4072159999996
60222.4855610000013
59821.1625389999972
59816.1745690000025
59843.7334830000036
57184.3102819999986
59284.9058329999971
56491.4695460000003
59333.5969330000007
57469.9368650000033
57920.9346339999975
56689.9817279999988
59417.417723999999
57694.4386559999984
60476.2573189999966
58899.3225529999982
58687.0043710000027
59402.9435819999999
57604.0229810000019
58082.9018030000007
59770.4377719999975
58807.1402729999973
60234.8885299999965
58551.3595270000005
59430.6628300000011
59259.7533180000028
58940.3247820000033
57759.0987559999994
57340.7774080000017
60285.9411099999998
59088.8920300000027
57657.2309929999974
57893.7884489999997
58960.4268250000023
56905.7718450000029
58425.3305469999978
56462.2857409999997
59340.4562720000031
58562.3764299999966
56684.618859000002
59120.8798880000031
59349.582478999997
58152.6935759999978
58585.2595440000005
57214.9311739999976
58402.7139559999996
58896.0662190000003
59087.4447159999982
58443.2624660000001
58425.5830510000014
59089.6822049999973
58446.5706260000006
56771.4919860000009
58934.3724369999982
58407.0578929999974
59316.0884389999992
58414.5754270000034
58691.583885
59070.7750650000016
58355.7129700000005
41996.4012660000008
42425.5633600000001
41936.2577749999982
42218.9550499999968
41703.5735310000018
42357.7411310000025
42166.9294290000034
41017.4037670000034
41948.5564240000022
42221.7295169999998
41201.4926039999991
42228.3768469999995
41313.3283660000016
42279.3056280000019
41245.237718999997
41669.44182
41931.7781719999984
40821.0700569999972
41199.2228699999978
41492.2579449999976
41340.5009060000011
40950.3009319999983
41846.0125439999974
42436.5201830000005
42208.9335540000029
42257.8735339999985
40932.6906339999987
41786.3247719999999
41334.6157400000011
41944.055935999997
31978.6782109999986
31343.1490489999996
31428.9241220000004
32468.0225309999987
31941.9951739999997
31941.1209049999998
31939.6500129999986
31870.743864
31275.4424040000013
31787.8240159999987
31279.727691
31994.6132319999997
31350.6146320000007
32137.670223000001
31762.5865940000003
31950.1418000000012
32501.3296090000003
31555.1458569999995
31816.6179679999987
31667.1768640000009
32077.0861970000005
32408.0569490000016
31359.1643189999995
31892.499960000001
32307.7053610000003
31744.8082060000015
31888.1417499999989
32337.3777259999988
32487.0309349999989
31989.5070410000008
42016.0041889999993
42658.9023359999992
41040.688387000002
41512.6828729999979
41359.595825999997
41382.8113240000021
40197.5076520000002
42060.6547779999964
40918.8348289999994
41836.2770509999973
41688.4850010000009
41145.3455630000026
41088.0221269999965
42052.4250679999968
42077.3024799999985
41956.4428439999974
41760.8680999999997
41633.9419199999975
41848.9596099999981
41557.2263569999996
42149.3252070000017
42380.2165079999977
41311.0500580000007
41729.8991279999973
40926.5688930000033
41349.3484249999965
42128.6878549999965
42284.5486699999965
41959.8270950000006
41428.7421969999996
33335.0249069999991
32553.6936700000006
32180.3507869999994
32636.8791740000015
32908.653578999998
33493.7559949999995
33298.2947950000016
33341.653419000002
32744.9628269999994
33215.1114420000013
32374.4607099999994
33098.8424180000002
32651.8370839999989
33256.754200000003
33331.9450660000002
32537.5501140000015
32915.1320980000019
32832.1767800000016
32157.1930529999991
32063.0043100000003
33217.5162419999979
32844.4619610000009
33222.6309709999987
32801.5836740000013
31925.0853820000011
32885.4444559999974
33159.7344779999985
32627.9084780000012
33164.2450580000004
33136.6518599999981
28771.3177460000006
28185.2158869999985
27983.2868850000013
28514.0356109999993
27897.4392699999989
26677.2554840000012
26953.6164129999997
27678.486871000001
28167.1360679999998
27094.4112060000007
26735.9739420000005
27915.4416569999994
28433.493226999999
27519.1705430000002
28267.9671019999987
28323.8154790000008
28504.0147849999994
27601.8011540000007
28030.7602909999987
27681.0336229999994
28778.1905670000015
28108.9803449999999
28305.4031509999986
27116.4994750000005
27777.1833909999987
27548.5561159999997
28493.5571090000012
26791.1393239999998
28419.3768359999995
27955.2223940000003
32350.7182859999994
33195.8448260000005
32833.9133569999976
31933.8728940000001
33273.1444009999977
32646.9101819999996
33113.5610729999971
32612.0499950000012
33588.4672439999995
32544.3697930000017
33600.7944910000006
33436.2145979999987
32954.7320180000024
33533.4208940000026
33398.6678450000036
32882.8708800000022
32713.9196699999993
32681.6153550000017
32583.8023360000007
32390.633772000001
33635.8210330000002
32903.0749429999996
33326.7685829999973
33311.8811510000014
32548.2893499999991
33206.7571329999992
32869.8307790000035
32553.9096299999983
33575.0124429999996
33160.8384090000036
28518.7074060000014
29485.9708759999994
29468.1206700000002
28596.6712310000003
29161.9528060000011
29162.408664999999
29013.838029999999
28543.1172570000017
28358.1215799999991
28185.0814070000015
28971.3257159999994
27587.3333200000015
28342.6524639999989
29060.6084130000017
29481.0827439999994
28875.5561479999997
29027.4695619999984
29150.4960019999999
29698.3399629999985
28954.6755940000003
29166.9901859999991
28955.0023030000011
29494.7608670000009
28458.0524379999988
29596.6727790000004
28286.7152849999984
29733.3384780000015
29094.7308420000008
28285.2313859999995
29765.0647480000007
29870.8795729999983
28977.1005469999982
28607.9783769999995
29457.7057649999988
29252.6675209999994
29468.1325380000017
29564.9081340000012
29036.7375309999989
29704.5703250000006
29305.2141239999983
28588.5633039999993
28914.5700639999995
29389.2300859999996
28519.2078130000009
29518.2001969999983
29355.4509560000006
29335.6391909999984
29182.4658799999997
28643.3466990000015
29812.144096
28657.6917920000014
29170.5897819999991
29641.4497679999986
29450.8552070000005
29151.7536099999998
29347.6179999999986
29183.2945770000006
29313.3673190000009
29857.5385659999993
29494.1930260000008
