62804.3829330000008
63585.9436090000017
64884.8846800000028
62093.5062079999989
66813.5748259999964
63693.5595039999971
61538.8103859999974
62987.4136639999997
63499.2035810000016
64804.8431639999981
63316.2724309999976
64818.8155049999987
64880.4195529999997
65148.3713149999967
65513.1692919999987
64165.1247599999988
64632.2505319999982
67463.8221769999946
64764.6694750000024
65200.8374479999984
63315.1448509999973
67695.4097329999931
61364.189744000003
64764.3076230000006
63894.248771999999
64730.8034459999981
63689.2879319999993
63479.4621360000019
64279.7606190000006
63470.630968999998
65464.3653629999972
63540.1736380000002
66092.409667999993
65985.6748510000034
66882.5221339999989
65548.3869459999987
64519.1592380000002
65175.0236500000028
67549.588361999995
68606.9854139999952
65336.3376869999993
63913.6079800000007
67510.7992559999984
66359.6062459999957
68437.5135560000053
70259.401171999998
68536.7810570000001
65725.6146690000023
67289.8654899999965
67818.1218859999935
66273.7434769999963
67779.2645190000039
67456.0049500000023
67355.9783400000015
67386.602767999997
66985.2749780000013
67600.4595189999964
66782.3622699999978
66291.5246099999931
66912.2674899999984
66364.5947900000028
65133.5409940000027
65837.5652109999937
64858.4327669999984
67660.1017350000038
65724.6817049999954
65173.766469000002
65764.5146090000053
64018.3955280000009
64753.5289810000031
64898.5152489999964
66087.6612820000009
66272.8870909999969
67068.1950510000024
65269.2000629999966
66445.7455199999968
64422.8786190000028
67489.8427950000041
65099.9806640000024
64971.6491559999995
68181.0883299999987
66364.7242660000047
65010.8845460000011
64400.8198950000005
67388.4141240000026
63525.3704230000003
64777.8396970000031
65816.3617660000018
65518.0758019999994
67090.255833999996
126189.676754999993
125196.251856000003
126688.590068000005
127081.009147999997
125736.163480999996
125889.765352000002
126450.601341000001
125431.643005000005
126618.130671000006
125272.044863000003
127469.116036000007
127114.673867999998
127392.084642000002
127641.089001999993
127985.568478999994
125815.018291
126540.144046000001
126722.227203999995
126174.661724000005
129512.732717000006
125873.237246999997
127642.533563999998
126987.850556000005
126543.848371999993
126416.642416999995
126249.375432999994
128097.719607999999
127995.981941999999
125379.485973999996
126215.685085000005
130278.677003000004
128050.279821999997
128719.265079000004
129715.649262999999
128254.005235999997
129390.080944000001
127392.989430999995
129715.696039000002
130914.976894000007
128072.909090000001
129667.026813999997
130884.307738000003
130487.983441999997
129474.253777000005
129104.419771999994
129869.232682999995
129803.566615000003
130322.827107000005
128409.465311000007
129159.983393999995
128919.003211999996
129191.217843999999
128786.746452000007
129628.732954000006
127764.837591999996
128920.604796
128625.384913000002
130715.730393999998
127460.264872999993
126823.022931
129199.682797999994
144058.986483999994
127582.055802000003
128881.574812000006
127249.276824
128227.796503999998
128083.815856999994
128293.748739999995
125887.685373999993
128560.318687999999
127999.227591999996
127885.361701999995
128106.549018000005
129892.634049
128415.553406000006
128234.706414
128707.194793999995
129060.255550000002
126819.444407999996
129388.334889999998
126732.366026999996
128990.680854999999
127037.294546000005
129712.159822000001
128720.215337000001
127474.070259
128266.393341999996
128541.106964999999
128663.833064000006
130257.170106999998
36179.6929910000035
33530.8069200000027
31739.7288609999996
33353.8821699999971
32521.0027320000008
32254.0389319999995
31317.9092710000004
34650.337016999998
33769.233196000001
32248.2502080000013
33241.4513179999994
36616.2640329999995
32230.758726
33845.4962710000036
34273.0816320000013
34746.1717449999996
34084.1415930000003
31194.8581540000014
32325.148247000001
33326.980399
34893.1256659999999
34343.9988939999967
32760.5974319999987
31730.7347389999995
31774.8327009999994
35582.3332739999969
33721.2153019999969
36497.553826000003
36037.1279769999965
32016.2641530000001
35516.1043669999999
36043.6642349999966
36215.411537
36651.4942089999968
35243.6103210000001
34609.8365889999986
37013.9046569999991
35267.0394670000023
34376.9010310000012
34926.8572780000031
37162.2457970000032
37440.0595990000002
34332.4906180000035
37640.4981059999991
38088.3735420000012
35536.4685190000018
36723.2870150000017
39224.9627850000034
36305.6455360000036
36677.3714509999991
36233.0041500000007
37824.3381969999973
36962.9572190000035
38060.0099469999986
38041.9443350000001
36147.4104490000027
35669.2434890000004
39795.3582010000027
37447.1888800000015
39356.8661500000017
35617.5240790000025
34186.354922999999
35882.079141000002
35293.6687420000017
35543.5846400000009
36399.0965159999978
35303.073215999997
35346.1977929999994
35854.1222370000032
36209.4620769999965
36818.5180990000008
35607.740092
35069.957451000002
35349.5407219999979
36425.9575949999999
36467.0607779999991
36017.7932280000023
35360.9451039999985
37404.9654949999967
35540.356958999997
36503.9673019999973
36257.7704680000024
38185.8800530000008
38508.8376770000032
34647.5446450000018
37755.7626030000029
36341.3871339999969
36127.9078119999976
36400.5612649999966
36231.486960000002
43466.7278819999992
45007.7875300000014
42811.8790040000022
44403.8231890000025
43552.2516410000026
41962.5155599999998
43932.6692770000009
44279.1429730000018
43750.6255820000006
42782.6017139999967
42906.5935759999993
44462.8562620000012
46262.822322
44532.2598819999985
44494.6521659999999
43749.6362480000025
44085.7048060000016
43565.2626949999976
44816.6306849999964
43291.0134550000002
45925.7199679999976
44806.7598460000008
47140.0779120000007
45415.4829800000007
41804.2303390000015
47754.4736320000011
43490.6391399999993
42712.1425059999965
44271.946818999997
44197.0677199999991
46332.9836070000019
45649.1006070000003
47489.7059460000019
47320.4210359999997
45423.1662549999965
46132.8641100000023
45589.6746120000025
46505.7892280000015
45834.7048060000016
46437.1618369999997
46895.5155460000024
47629.4366660000014
46682.5782289999988
47151.0145790000024
46501.9146540000002
46137.9709030000013
45801.228446000001
46173.1799739999988
44292.0247480000035
44725.5212249999968
47437.253598000003
46112.5278820000021
45876.3395799999998
47188.8868399999992
48368.4059790000028
47516.6946499999976
46443.4467450000011
48384.4157439999981
48227.9948870000007
47660.6798160000035
45107.7722359999971
45558.1105469999966
46340.9433480000007
44259.0708670000022
44481.8440980000014
44565.3433030000015
45417.1429609999977
45308.0685460000022
46347.3613160000023
45965.948000999997
46328.3161570000011
45683.1226959999985
45400.2039579999982
45493.4937359999967
45903.5634349999964
45459.0851600000024
46602.5473150000034
48043.4507819999999
44953.67209
46233.5712029999995
47004.1937079999989
44789.2206270000024
47787.020912
46303.2308069999999
45272.4481129999986
47136.6160830000008
44113.2821669999976
48134.3803649999973
45061.9139619999987
46587.8977910000031
23312.3879009999982
23980.1136689999985
22703.7944759999991
24920.0697299999993
23558.1295979999995
22898.9908959999993
23659.6457359999986
23600.9845359999999
21889.8312819999992
23408.7768260000012
24979.7948209999995
23361.702992999999
23871.4672290000017
23776.0834700000014
24032.0697599999985
23166.2187640000011
21168.6471249999995
23581.4508099999985
24940.0479840000007
23726.7117800000015
22318.3203299999986
23510.3361299999997
23777.1762610000005
22826.3055310000018
25173.3083789999982
22744.4783400000015
23205.9372320000002
23025.6452180000015
23873.210328000001
22158.8564640000004
24240.9834210000008
23599.7359959999994
24452.6996160000017
24780.4283230000001
25175.9450109999998
23834.2396420000005
24411.8712139999989
24166.1512399999992
24249.8410350000013
25327.9048750000002
24207.8172740000009
25181.5107869999993
24717.2455599999994
24265.4873819999993
25596.4504310000011
25757.8289140000015
24202.0033609999991
24899.1359010000015
22775.0600169999998
25347.3773619999993
22510.5549429999992
23088.0150570000005
23558.7683900000011
22838.6265119999989
22941.8656049999991
21877.8593910000018
22600.3253689999983
23202.073515
21668.6424909999987
22505.4120089999997
23626.0765749999991
22862.1259309999987
25531.9078609999997
22856.0470180000011
25039.7525119999991
23717.7063940000007
24482.2746169999991
24255.256225000001
22441.2610329999989
23917.6646040000014
24921.6377309999989
24162.5290370000002
25801.4955889999983
23210.0499530000016
23813.4302040000002
23400.3509159999994
24026.0477739999988
23662.5387809999993
25073.5043519999999
24062.773677000001
24904.8096770000011
23892.3218310000011
22563.5922060000012
23109.8769380000012
25682.5549869999995
24833.4545629999993
25103.0072570000011
23453.1760170000016
23305.2832540000018
25414.5370340000009
29918.4683579999983
29753.5896339999999
27848.4979180000009
30837.0241090000018
30961.7105049999991
30860.617298000001
30324.1656690000018
29074.7365769999997
28947.1854420000018
30274.6017060000013
30523.3322780000017
32021.3039099999987
29151.7897970000013
30795.0655609999994
31237.7529270000014
29815.753983999999
31749.7711229999986
31274.0987109999987
31226.7845329999982
30976.1796929999982
31872.9328710000009
31626.4407050000009
31210.1552059999995
31341.6322790000013
32732.4935140000016
32049.6523699999998
30847.1573700000008
32194.5930660000013
30052.0918600000005
30942.9239569999991
31617.8602800000008
32448.8259260000013
31148.0368080000007
31385.5023470000015
31544.0708049999994
31355.0030630000001
32592.3075239999998
31404.8586250000008
32621.1345760000004
32926.7759799999985
31645.4569440000014
33392.2421560000003
31239.8915059999999
31867.6256399999984
32445.9085919999998
30409.6741230000007
32334.7577319999982
31935.408954999999
30961.9540259999994
29573.2925849999992
28445.6666159999986
28200.8156750000016
29793.8554089999998
27986.5185060000003
28702.5420870000016
28910.2598660000003
27473.4882509999989
28885.7058550000002
28379.3695509999998
27239.4533330000013
31757.8370380000015
29443.3111669999998
33126.3046440000035
31329.5087300000014
29655.7358669999994
30727.7841850000004
33137.7637390000018
30929.8125680000012
31748.0603450000017
32533.4800539999997
30706.8140649999987
31557.6519489999991
31757.0366020000001
31789.2118809999993
31993.4797409999992
32160.5993119999985
31556.7272809999995
32194.6097850000006
31762.5215800000005
31901.4648850000012
33022.4409460000024
32283.9747419999985
32922.3246500000023
31697.5896820000016
30502.2584029999998
31167.8970990000016
32644.0677629999991
31967.9930969999987
30266.2967040000003
32401.1613739999993
17592.020289
18901.8803990000015
19053.2815190000001
17332.8372190000009
20300.8723219999993
17549.661336000001
19669.8237479999989
19453.5747709999996
17992.5361870000015
19459.3600200000001
19349.1349330000012
18242.4461320000009
19665.7129520000017
19492.8012960000015
19477.7499449999996
17932.0079089999999
18998.9334369999997
18835.9399069999999
19974.4847569999984
19004.1466650000002
18211.4332060000015
20309.3422649999993
19544.6302539999997
18519.0378850000016
20034.3156090000011
18245.2428050000017
16903.5218849999983
19165.0562629999986
19638.7824589999982
18335.2785890000014
19996.2795939999996
21024.9530569999988
18725.9173139999984
20162.3166259999998
19159.4300289999992
19538.1199779999988
20984.7614470000008
20328.494412
20635.2768539999997
20918.2216719999997
20207.7512199999983
20288.4212350000016
22167.9725599999983
20651.2660370000012
20259.2459500000004
21077.8313610000005
21884.8593250000013
20389.872331999999
21069.7414729999982
20806.0379649999995
20895.2280849999988
21442.4423260000003
22210.5670449999998
19559.0705970000017
18461.6106639999998
20216.8092629999992
20608.3805739999989
21205.8000670000001
20759.4157010000017
20761.7123290000018
19528.937801
19570.5542659999992
19337.3467139999993
19958.7465000000011
20146.4578479999982
19703.2699370000009
19591.6704500000014
19552.1913630000017
18176.1236089999984
19965.7172629999986
20755.2358989999993
18903.7460260000007
20534.7892749999992
18973.0020389999991
19779.9871280000007
20598.938764999999
19973.556493
19434.4067079999986
19091.8310349999992
19087.8876769999988
20690.6637699999992
19787.3322000000007
20618.7011749999983
21292.8901420000002
20885.5040369999988
19298.4405409999999
21297.7492149999998
18442.4832930000011
20784.6290970000009
19270.1937539999999
20486.6887119999992
20555.453590000001
19831.2809899999993
21522.4568709999985
18997.1099739999991
19735.5147890000007
22395.2790329999989
21729.1390839999985
18904.6248110000015
19507.0518540000012
21462.7637920000016
21054.1288569999997
19464.6579999999994
22344.6891529999994
21271.5211390000004
19191.1466110000001
19324.0247530000015
20783.0652230000014
20158.9193799999994
21339.1806660000002
20932.4669209999993
21470.2339869999996
21844.4175409999989
20128.3942160000006
21598.1165099999998
21943.9451599999993
21838.0544609999997
20013.0445949999994
21554.5867330000001
20395.5431260000005
21728.3021840000001
21575.8548389999996
22196.822838
21547.5253950000006
21081.267695999999
22041.8922219999986
20620.7460350000001
22508.7775980000006
21362.4381700000013
20904.8147839999983
19516.3404420000006
22278.4058259999983
21647.1268469999995
23563.5402209999993
22327.6296040000016
22862.4935719999994
23085.7361359999995
22054.4069000000018
20549.5257979999988
22558.2717850000008
21244.7753720000001
24364.3686220000018
22793.1914529999995
22409.5432570000012
24428.6595710000001
21884.4007710000005
22250.7815950000004
21644.1324679999998
22773.9414550000001
21328.4804919999988
21606.1338800000012
20783.9007349999993
22809.412475000001
23143.0215510000016
20902.8747299999995
20011.7919440000005
22209.2686350000004
21391.7335779999994
21630.9327540000013
20683.8810740000008
21756.2671000000009
20925.7356069999987
23326.2816859999984
23954.171409999999
20465.9796950000018
19760.3936460000004
21801.9942479999991
21581.2676869999996
21914.4581890000009
21017.7078619999993
21903.1822949999987
21136.3751660000016
23334.6169320000008
21304.3504719999983
21321.8230790000016
21678.6187710000013
22635.829232
22302.6670200000008
21503.0534740000003
22775.3287569999993
50135.7992549999981
50522.5615610000023
50025.9170539999977
51194.5134400000024
51456.1664359999995
50461.0426539999971
51207.9471909999993
50791.3231440000018
51040.325294000002
51003.6182970000009
52523.8368140000021
51264.1282399999982
52078.3698500000028
51575.5704459999979
52018.9371269999974
52122.6541429999997
51943.0363090000028
51887.2849169999972
52075.4230289999978
52123.6928039999984
52104.3134980000032
53173.410692999998
52223.5428870000032
52411.7458069999993
51517.7364020000023
51184.3654339999994
52245.0744960000011
52182.1426809999975
52467.2581199999986
52363.4465389999968
52996.8829400000031
52834.9502310000025
52966.3507269999973
53204.5139950000012
53004.8773720000027
53114.1086779999969
53007.9996820000015
53324.4719330000007
52032.6197509999984
52290.9359499999991
53848.2854490000027
54402.9224259999974
53363.6236169999975
53933.4022350000014
53220.8047119999974
53883.9045590000023
53946.4276420000024
53377.3288239999965
53482.0672310000009
53799.990558999998
53861.2576649999974
54447.6016840000011
53930.3248949999979
53905.9250420000026
55991.2255189999996
53271.4072680000027
54089.1398019999979
53668.9176959999968
53784.6835219999994
55518.5153910000008
52983.3728370000026
51981.7954929999978
52670.1329830000032
51607.5333039999969
52727.2105569999985
53026.4081619999997
51308.2451090000031
52478.0570050000024
51628.0438779999968
52399.2769909999988
53430.2764400000015
54218.6013479999965
52257.5519019999992
54491.488605999999
53105.6777169999987
53611.8706929999971
53016.0709270000007
53522.8724419999999
52595.4640849999996
53084.979717000002
52565.204727999997
52750.2998789999983
53287.1480329999977
53154.5128790000017
54108.7665360000028
54636.2191440000024
52807.1385119999977
54125.5774479999964
51895.8724409999995
53563.7870150000017
91223.783924000003
91663.6356490000035
91231.4516540000041
90646.4928740000032
90577.9569959999935
93036.848564999993
90868.1330310000048
91905.6872390000062
91190.0362100000057
91363.6145560000004
91678.4857199999969
91221.1120510000037
91332.8277139999991
92031.5591719999939
91299.9631640000007
93147.2455599999957
92446.1772849999979
92054.7559889999975
91745.6680119999946
92110.6856209999969
93864.0126799999998
91700.4940659999993
92697.4415399999998
93890.3411420000048
93155.1440100000036
93368.7776469999953
93427.1701279999979
92707.297464999996
91208.7095890000055
92314.927377
92737.9038560000045
92512.7741260000039
92120.5825769999938
93265.3439820000058
93278.5994849999988
93199.9457410000032
92920.4468079999933
92735.4114750000008
93273.6099580000009
92260.0389350000041
92959.8128029999934
93335.9622559999989
93431.9350529999938
93775.3154639999993
94008.3217589999986
92122.4588950000034
92628.0417199999938
92658.0869030000031
92958.9569429999974
93462.8908260000026
94501.1024990000005
94619.0439869999973
93121.6516399999964
94065.9323420000001
93426.987083999993
93289.023027999996
91958.8041530000046
93923.6550279999938
93398.908368999997
95184.0732699999935
92538.2714299999934
92563.8422750000027
92928.7988469999982
91832.1111280000041
92611.8423769999936
92374.6977880000049
91672.8740220000036
92190.4285819999932
92451.4047949999949
92860.2087610000017
93484.6927940000023
92724.8960450000013
92387.5948329999956
94412.082733999996
92982.3870560000069
94104.1885100000072
93338.608779999995
94585.507500000007
92886.466407999993
92065.6613030000008
93306.5112470000022
93495.633016000007
94081.0944420000014
94305.8036220000067
94423.5267480000039
93958.7531820000004
93740.4426579999999
94775.0585509999946
93630.8696199999977
93688.8154369999975
28843.7422479999987
28505.2202990000005
29236.0557369999988
29957.1506410000002
30009.3693500000008
29457.7173719999992
29433.1792950000017
30596.2256530000013
29914.9463939999987
29382.0118240000011
29675.0253029999985
29912.360686
29697.946734000001
29964.6907539999993
30903.4207999999999
31075.4373139999989
30720.5051759999988
30313.9918360000011
30066.4592220000013
30082.0059169999986
30990.8170290000016
30309.4671989999988
31202.0486610000007
30942.3788989999994
31355.9953280000009
31150.2723010000009
29707.4227199999987
29789.5335400000004
30552.2260529999985
30480.6874380000008
31164.6980049999984
31730.0318039999984
32017.5539769999996
30526.0541929999999
32054.3614630000011
31218.5189690000007
32129.5326019999993
31163.5154220000004
31404.3756619999986
30649.2111130000012
32942.2984399999987
32875.6353329999984
32700.333630000001
32045.2573349999984
30791.9998549999982
31901.3155570000017
31988.8040540000002
32312.9790329999996
33564.4893050000028
31253.9425080000001
33967.8573229999965
31986.6938550000013
33930.3561479999989
33179.7918419999987
31610.9180530000012
34028.4446190000017
32776.584861000003
32823.4729309999966
32836.3224649999975
31657.8085820000015
30548.3709110000018
30548.5146419999983
31304.0414840000012
30241.1531270000014
32573.6535289999993
31028.7023100000006
30918.5654119999999
30049.3494830000018
30987.1254489999992
31817.4457750000001
31213.1608330000017
30836.4027520000018
32959.1597489999986
32268.0207220000011
31921.2261780000008
31337.457402
32442.2003010000008
32355.7845610000004
31082.6834899999994
30604.7836690000004
32110.0518090000005
31547.5393079999994
33285.5071860000025
31627.8875960000005
32790.2290320000029
32016.7002769999999
31531.2749839999997
31027.704941
32640.9425029999984
31187.8966890000011
37822.9656570000006
37545.7726089999996
37542.2754389999973
35842.976327999997
36835.0954169999968
37092.0017159999989
36714.3860940000013
36249.2163930000024
36332.7705439999991
37121.2334510000001
38669.3828169999979
38584.5586140000014
36516.1238920000033
37292.7176229999968
37280.4433990000034
38198.3768920000002
38653.5376239999969
38110.7823789999966
37411.3558449999982
37777.5851649999968
38368.7430109999987
38226.6621660000019
38389.3604689999993
38342.7451240000009
39171.0363649999999
36678.8129039999985
37999.4046910000034
37479.5493910000005
38999.0486299999975
38838.3472380000021
38998.7638739999966
37815.4262610000005
38940.2273990000031
39441.0217889999985
38829.3669070000033
38923.2519729999985
37976.2331950000007
39816.7989299999972
38191.8306089999969
38418.0683589999971
40153.4884709999969
41066.6004590000011
39136.3042679999999
38336.8329680000024
39831.6812639999989
39657.0072260000015
38517.4429769999988
39346.8898970000009
40020.7094789999974
39478.1614479999989
39999.3910239999968
39808.0086010000014
38306.1037720000022
40451.5489200000011
39884.3682649999973
40024.540181999997
40620.9225809999989
40309.7596780000022
41006.8269559999972
40141.1942570000028
38930.8331469999976
38464.461169000002
39301.8627510000006
39035.3121889999966
38689.8945200000016
39496.8628719999979
38982.8016639999987
38522.9283250000008
38187.1177030000035
37820.4607130000004
37848.2829229999988
38081.7051219999994
39686.3491110000032
39180.8230160000021
38544.0722580000001
38663.3803919999991
39600.6887379999971
38309.4361720000015
38759.0017500000031
38131.8116480000026
38792.4667019999979
39294.2656209999986
39719.4273630000025
39654.0835510000034
38933.7985509999999
39630.8766420000029
38577.1363070000007
39942.0755629999985
39660.2025690000009
40515.0181329999978
